0	2010-10-19T23:55:27Z	30.2359091167	-97.7951395833	22847
0	2010-10-18T22:17:43Z	30.2691029532	-97.7493953705	420315
0	2010-10-17T23:42:03Z	30.2557309927	-97.7633857727	316637
0	2010-10-17T19:26:05Z	30.2634181234	-97.7575966669	16516
0	2010-10-16T18:50:42Z	30.2742918584	-97.7405226231	5535878
0	2010-10-12T23:58:03Z	30.261599404	-97.7585805953	15372
0	2010-10-12T22:02:11Z	30.2679095833	-97.7493124167	21714
0	2010-10-12T19:44:40Z	30.2691029532	-97.7493953705	420315
0	2010-10-12T15:57:20Z	30.2811204101	-97.7452111244	153505
0	2010-10-12T15:19:03Z	30.2691029532	-97.7493953705	420315
0	2010-10-12T00:21:28Z	40.6438845363	-73.7828063965	23261
0	2010-10-11T20:21:20Z	40.74137425	-73.9881052167	16907
0	2010-10-11T20:20:42Z	40.741388197	-73.9894545078	12973
0	2010-10-11T00:06:30Z	40.7249103345	-73.9946207517	341255
0	2010-10-10T22:00:37Z	40.729768314	-73.9985353275	260957
0	2010-10-10T21:17:14Z	40.7285271242	-73.9968681335	1933724
0	2010-10-10T17:47:04Z	40.7417466987	-73.993421425	105068
0	2010-10-09T23:51:10Z	40.7341933833	-74.0041635333	34817
0	2010-10-09T22:27:07Z	40.7425115937	-74.0060305595	27836
0	2010-10-09T21:39:26Z	40.7423961659	-74.0075433254	15079
0	2010-10-09T21:36:05Z	40.7423961659	-74.0075433254	15079
0	2010-10-09T21:05:23Z	40.7358847426	-74.0049684048	22806
0	2010-10-09T20:55:47Z	40.7275253534	-73.9853990078	1365909
0	2010-10-09T01:37:03Z	40.7568799674	-73.9862251282	11844
0	2010-10-08T21:48:37Z	40.7074172208	-74.0113627911	11742
0	2010-10-08T21:45:48Z	40.7071727167	-74.0105454333	19822
0	2010-10-08T21:43:52Z	40.7070708167	-74.0119528667	15169
0	2010-10-08T21:43:02Z	40.705823135	-73.9966964722	11794
0	2010-10-08T19:28:36Z	40.7693780407	-73.9630830288	1567837
0	2010-10-08T17:24:27Z	40.7808054632	-73.9764726162	35513
0	2010-10-08T00:07:48Z	40.7317243329	-74.0033376217	87914
0	2010-10-07T23:18:10Z	40.7308686424	-73.9975655079	16397
0	2010-10-07T21:58:31Z	40.7422010764	-73.9879953861	17710
0	2010-10-07T21:02:01Z	40.7458101407	-73.9882206917	60450
0	2010-10-07T20:31:48Z	40.7484436586	-73.9857316017	12313
0	2010-10-07T20:14:44Z	40.7515076167	-73.9755	34484
0	2010-10-07T15:27:40Z	40.6438845363	-73.7828063965	23261
0	2010-10-06T23:25:34Z	30.2691029532	-97.7493953705	420315
0	2010-10-05T23:11:39Z	30.2316497167	-97.8001714167	49215
0	2010-10-05T23:02:31Z	30.2453613167	-97.7790927833	16431
0	2010-10-05T16:10:35Z	30.2691029532	-97.7493953705	420315
0	2010-10-04T14:46:01Z	30.2679095833	-97.7493124167	21714
0	2010-10-03T22:21:49Z	30.2448597206	-97.7571630478	18417
0	2010-10-02T22:21:22Z	30.4053040116	-97.8783988953	1151119
0	2010-10-02T01:48:43Z	30.2558143993	-97.7634179592	4256132
0	2010-10-01T14:36:39Z	30.2679095833	-97.7493124167	21714
0	2010-09-30T23:23:22Z	30.2643362697	-97.7410461251	211286
0	2010-09-29T00:31:24Z	30.2379105	-97.79996073	539065
0	2010-09-28T23:47:07Z	30.2313745667	-97.79745475	15590
0	2010-09-27T14:52:01Z	30.2691029532	-97.7493953705	420315
0	2010-09-26T16:43:45Z	30.250617981	-97.7658996582	121955
0	2010-09-25T19:21:51Z	30.244761	-97.7489610333	25151
0	2010-09-25T02:00:54Z	30.3170157639	-97.7195692062	1145567
0	2010-09-24T21:32:13Z	30.2691029532	-97.7493953705	420315
0	2010-09-24T14:58:57Z	30.2679095833	-97.7493124167	21714
0	2010-09-22T23:33:37Z	30.265405691	-97.7477914095	46946
0	2010-09-22T22:24:27Z	30.2679095833	-97.7493124167	21714
0	2010-09-21T20:03:48Z	30.2679095833	-97.7493124167	21714
0	2010-09-21T02:17:22Z	30.2464607667	-97.7507881833	24276
0	2010-09-17T00:04:39Z	30.2698105017	-97.7489702462	3842712
0	2010-09-15T23:04:13Z	30.2691029532	-97.7493953705	420315
0	2010-09-13T19:17:46Z	39.0442360953	-94.6207433939	17602
0	2010-09-13T18:00:26Z	38.9927760833	-94.5952756	17236
0	2010-09-13T01:13:03Z	39.0410529489	-94.5947393775	8964
0	2010-09-12T16:49:55Z	39.0528237667	-94.59031105	8938
0	2010-09-11T22:48:18Z	38.934693546	-94.6297931671	19224
0	2010-09-11T18:36:30Z	39.0570354833	-94.6037541167	157923
0	2010-09-11T18:13:13Z	39.0573335333	-94.6061795	18329
0	2010-09-11T18:05:27Z	39.0506711667	-94.5980687833	17526
0	2010-09-09T18:22:04Z	37.7662367387	-96.9814789295	232292
0	2010-09-09T14:25:57Z	34.1856460333	-97.1656978333	64830
0	2010-09-08T16:58:19Z	30.2691029532	-97.7493953705	420315
0	2010-09-07T21:08:32Z	30.2691029532	-97.7493953705	420315
0	2010-09-07T16:12:49Z	30.2691029532	-97.7493953705	420315
0	2010-09-06T00:07:17Z	30.2637747742	-97.7706599236	9263
0	2010-09-05T17:33:43Z	30.234214067	-97.757570733	1576090
0	2010-09-04T21:32:40Z	30.2448597206	-97.7571630478	18417
0	2010-09-04T03:14:33Z	30.2668906357	-97.7456858754	9223
0	2010-09-03T00:28:30Z	30.2686964002	-97.7456147969	9313
0	2010-09-01T22:36:33Z	30.3101526622	-97.7401578426	1067829
0	2010-09-01T01:08:15Z	30.2448597206	-97.7571630478	18417
0	2010-08-31T16:19:01Z	30.2691029532	-97.7493953705	420315
0	2010-08-30T20:57:25Z	30.2679095833	-97.7493124167	21714
0	2010-08-30T14:17:05Z	30.26485415	-97.7438453833	480992
0	2010-08-30T00:11:01Z	30.2509939667	-97.7489662167	9508
0	2010-08-28T22:27:57Z	30.2448597206	-97.7571630478	18417
0	2010-08-28T19:16:11Z	30.2637747742	-97.7706599236	9263
0	2010-08-28T03:09:14Z	30.310911744	-97.742886739	2587606
0	2010-08-28T03:08:50Z	30.310959277	-97.74269296	2587024
0	2010-08-28T02:40:57Z	30.31104325	-97.74291515	11934
0	2010-08-28T01:12:11Z	30.244761	-97.7489610333	25151
0	2010-08-26T22:47:32Z	30.2662396721	-97.7459084988	9225
0	2010-08-26T14:11:36Z	30.26485415	-97.7438453833	480992
0	2010-08-26T00:09:46Z	30.2464607667	-97.7507881833	24276
0	2010-08-25T18:59:04Z	30.2691029532	-97.7493953705	420315
0	2010-08-25T02:03:08Z	30.2637747742	-97.7706599236	9263
0	2010-08-24T17:33:20Z	30.2707337816	-97.7537029982	9241
0	2010-08-24T16:26:53Z	30.2691029532	-97.7493953705	420315
0	2010-08-23T14:45:49Z	30.2679095833	-97.7493124167	21714
0	2010-08-21T18:10:00Z	30.2448597206	-97.7571630478	18417
0	2010-08-20T02:49:08Z	30.2015573297	-97.6671266556	9410
0	2010-08-19T21:59:09Z	37.6163560649	-122.3861503601	19542
0	2010-08-19T20:51:29Z	37.7615082532	-122.4257665873	13338
0	2010-08-19T20:20:56Z	37.759688872	-122.4271774292	9153
0	2010-08-19T07:06:11Z	37.78594785	-122.4106178	202692
0	2010-08-19T04:12:03Z	37.4191867667	-122.2122015167	22765
0	2010-08-19T00:49:02Z	37.4157602871	-122.1525514126	14515
0	2010-08-18T17:56:37Z	37.7826046833	-122.4076080167	14608
0	2010-08-18T01:56:15Z	30.2702114098	-97.7497132123	15478
0	2010-08-17T23:48:51Z	30.2493640765	-97.7494704723	11368
0	2010-08-17T21:46:15Z	30.2450661333	-97.7515263333	20922
0	2010-08-17T20:39:25Z	30.2691029532	-97.7493953705	420315
0	2010-08-14T22:18:19Z	30.2642977167	-97.73298025	15245
0	2010-08-14T16:27:11Z	30.272031012	-97.7541106939	140363
0	2010-08-13T18:10:47Z	30.2691029532	-97.7493953705	420315
0	2010-08-12T23:00:12Z	30.2691029532	-97.7493953705	420315
0	2010-08-12T15:50:54Z	30.2691029532	-97.7493953705	420315
0	2010-08-09T14:42:40Z	30.26485415	-97.7438453833	480992
0	2010-08-08T18:37:40Z	30.2510462058	-97.7493242919	15326
0	2010-08-07T01:06:43Z	30.265405691	-97.7477914095	46946
0	2010-08-06T22:29:22Z	30.2690658886	-97.7456724644	1038401
0	2010-08-05T23:01:21Z	30.2691029532	-97.7493953705	420315
0	2010-08-04T18:51:53Z	30.2691029532	-97.7493953705	420315
0	2010-08-04T14:51:55Z	30.2499093273	-97.7495319687	38046
0	2010-08-03T19:27:16Z	30.2679095833	-97.7493124167	21714
0	2010-08-03T01:08:34Z	30.2515346167	-97.7490263167	87899
0	2010-08-01T02:54:49Z	30.2509939667	-97.7489662167	9508
0	2010-07-31T16:53:09Z	30.2679095833	-97.7493124167	21714
0	2010-07-31T01:49:44Z	30.2510314833	-97.754092	49904
0	2010-07-29T23:59:07Z	30.2662396721	-97.7459084988	9225
0	2010-07-29T17:23:56Z	30.2707337816	-97.7537029982	9241
0	2010-07-26T16:37:17Z	30.2015573297	-97.6671266556	9410
0	2010-07-26T13:36:43Z	39.8495018818	-104.673871994	23256
0	2010-07-26T03:19:42Z	39.7641810492	-104.9040591717	1303715
0	2010-07-26T02:35:03Z	39.8495018818	-104.673871994	23256
0	2010-07-25T22:16:27Z	39.8495018818	-104.673871994	23256
0	2010-07-25T17:19:54Z	39.1910541	-106.821248517	1229499
0	2010-07-25T04:40:18Z	39.1861902333	-106.8168686333	166829
0	2010-07-23T02:00:23Z	39.200664267	-106.827922567	1485403
0	2010-07-22T18:22:41Z	39.2011278225	-106.8312478065	406978
0	2010-07-22T02:58:12Z	39.1933075167	-106.8306456667	321247
0	2010-07-22T01:40:44Z	39.2191109667	-106.86401495	54760
0	2010-07-21T21:39:34Z	39.8495018818	-104.673871994	23256
0	2010-07-21T18:38:27Z	30.2015573297	-97.6671266556	9410
0	2010-07-21T02:01:23Z	30.2541414667	-97.7623172167	69230
0	2010-07-21T00:23:42Z	30.2541434833	-97.7623320667	232554
0	2010-07-18T17:19:32Z	30.3307521333	-97.73175715	14554
0	2010-07-18T02:22:38Z	30.2557309927	-97.7633857727	316637
0	2010-07-17T02:54:37Z	30.26406815	-97.7672601333	448862
0	2010-07-13T18:17:34Z	30.2691029532	-97.7493953705	420315
0	2010-07-12T22:14:34Z	30.2679095833	-97.7493124167	21714
0	2010-07-12T20:52:19Z	30.2691029532	-97.7493953705	420315
0	2010-07-11T16:07:19Z	30.2686964002	-97.7456147969	9313
0	2010-07-11T01:58:45Z	30.2506754911	-97.7495348454	10923
0	2010-07-10T00:40:50Z	30.263010098	-97.7250816461	316837
0	2010-07-09T15:49:21Z	30.2691029532	-97.7493953705	420315
0	2010-07-09T00:55:03Z	30.3170157639	-97.7195692062	1145567
0	2010-07-08T16:56:27Z	30.2811204101	-97.7452111244	153505
0	2010-07-07T17:40:19Z	30.269767797	-97.7482661605	78290
0	2010-07-05T01:06:29Z	30.2627183704	-97.7503716946	43073
0	2010-07-04T23:47:39Z	30.2545781333	-97.769175	33362
0	2010-07-03T17:32:46Z	30.2448597206	-97.7571630478	18417
0	2010-07-03T00:02:18Z	30.2835524458	-97.7225679159	160579
0	2010-07-02T17:51:31Z	30.27055195	-97.7483066333	18328
0	2010-06-29T14:52:50Z	30.26485415	-97.7438453833	480992
0	2010-06-28T20:15:22Z	30.2679095833	-97.7493124167	21714
0	2010-06-27T21:02:17Z	30.26406815	-97.7672601333	448862
0	2010-06-27T18:20:17Z	30.2510462058	-97.7493242919	15326
0	2010-06-27T01:06:11Z	30.2638859739	-97.7379798889	9382
0	2010-06-26T22:52:34Z	30.26175155	-97.7618140833	22071
0	2010-06-25T04:13:07Z	30.2015573297	-97.6671266556	9410
0	2010-06-24T16:54:36Z	37.5370606667	-122.3278893833	29119
0	2010-06-24T14:27:35Z	37.6163560649	-122.3861503601	19542
0	2010-06-23T02:13:01Z	30.2510314833	-97.754092	49904
0	2010-06-22T02:22:27Z	30.2662396721	-97.7459084988	9225
0	2010-06-21T20:03:10Z	30.2679095833	-97.7493124167	21714
0	2010-06-21T13:27:02Z	30.2725313677	-97.7536225319	45331
0	2010-06-21T04:31:09Z	30.2541414667	-97.7623172167	69230
0	2010-06-20T01:32:26Z	30.26280055	-97.7250684167	123535
0	2010-06-18T19:05:50Z	30.2691029532	-97.7493953705	420315
0	2010-06-18T05:28:17Z	30.244761	-97.7489610333	25151
0	2010-06-17T16:35:00Z	30.2691029532	-97.7493953705	420315
0	2010-06-16T00:09:30Z	30.2510462058	-97.7493242919	15326
0	2010-06-15T14:20:40Z	30.244761	-97.7489610333	25151
0	2010-06-13T01:33:20Z	39.05274305	-94.6036108667	34087
0	2010-06-12T19:16:57Z	38.9989524833	-94.5939345333	19890
0	2010-06-12T02:09:29Z	39.0369789909	-94.5871867215	1193160
0	2010-06-10T22:53:50Z	37.7831295924	-122.4038743973	1221889
0	2010-06-10T19:52:54Z	37.7864788714	-122.403563261	57155
0	2010-06-10T03:21:53Z	37.7795577	-122.39790915	10349
0	2010-06-10T02:28:46Z	37.7825583	-122.4001254333	210176
0	2010-06-10T00:04:04Z	37.7857173715	-122.3992462045	1251533
0	2010-06-09T19:20:01Z	37.7881916086	-122.4012136459	16002
0	2010-06-09T00:39:03Z	37.7614446392	-122.4239587784	10594
0	2010-06-08T20:26:32Z	37.7826046833	-122.4076080167	14608
0	2010-06-08T17:03:24Z	37.7825583	-122.4001254333	210176
0	2010-06-08T02:29:37Z	37.7854359476	-122.4039494991	19199
0	2010-06-07T16:34:13Z	37.7831295924	-122.4038743973	1221889
0	2010-06-07T11:06:13Z	37.7831295924	-122.4038743973	1221889
0	2010-06-07T06:01:04Z	37.7815086	-122.4050282333	86754
0	2010-06-06T22:40:29Z	37.7831295924	-122.4038743973	1221889
0	2010-06-06T22:11:04Z	37.7826046833	-122.4076080167	14608
0	2010-06-06T18:48:32Z	37.6163560649	-122.3861503601	19542
0	2010-06-06T14:16:18Z	32.8974616458	-97.040348053	10259
0	2010-06-05T22:46:27Z	30.2624620667	-97.7623715333	51844
0	2010-06-05T19:48:24Z	30.2637747742	-97.7706599236	9263
0	2010-06-05T01:05:27Z	30.2794862333	-97.7599647667	73407
0	2010-06-04T21:10:51Z	30.2691029532	-97.7493953705	420315
0	2010-06-04T17:45:21Z	30.2510314833	-97.754092	49904
0	2010-06-04T13:51:34Z	30.26485415	-97.7438453833	480992
0	2010-06-03T22:45:08Z	30.2138611893	-97.7694153786	155957
0	2010-06-02T15:48:11Z	30.2691029532	-97.7493953705	420315
0	2010-06-02T00:28:29Z	30.2510462058	-97.7493242919	15326
0	2010-06-01T14:38:22Z	30.26485415	-97.7438453833	480992
0	2010-05-31T20:10:37Z	30.2448597206	-97.7571630478	18417
0	2010-05-30T06:17:57Z	37.7953388902	-122.3937249184	9073
0	2010-05-27T22:39:52Z	30.2691029532	-97.7493953705	420315
0	2010-05-26T14:16:56Z	30.2679095833	-97.7493124167	21714
0	2010-05-23T23:13:17Z	39.0019311833	-94.5794659833	668208
0	2010-05-23T22:40:45Z	39.0004469333	-94.5777092667	1163401
0	2010-05-23T17:51:57Z	39.09325785	-94.59387085	1161876
0	2010-05-23T16:50:50Z	39.0935326667	-94.5931743	17269
0	2010-05-22T19:13:12Z	38.9852462167	-94.60591865	18574
0	2010-05-22T17:50:55Z	39.2974431129	-94.716053009	8977
0	2010-05-22T02:49:04Z	30.248923845	-97.7496260405	608105
1	2010-07-25T11:40:18Z	48.86337875	2.333328717	1500177
1	2010-07-24T12:21:43Z	45.202483667	-0.746830983	1493267
1	2010-07-15T04:09:15Z	44.724745941	5.03296136	1441698
1	2010-07-14T04:13:35Z	44.916842649	5.784218561	1436795
1	2010-07-13T03:33:55Z	45.664003665	6.429900217	1431949
1	2010-07-11T11:19:19Z	45.95037652	6.740224373	1423291
1	2010-07-11T03:45:31Z	46.130260017	6.516775058	1422219
1	2010-07-10T03:33:04Z	46.300467489	5.740870777	1414779
1	2010-07-08T05:53:44Z	48.419669031	3.016968297	1404455
1	2010-07-07T07:53:20Z	49.6100008243	3.8039731979	1399686
1	2010-07-06T10:46:41Z	50.381005442	3.430709991	1395104
1	2010-07-05T04:17:34Z	50.28882455	5.9133318	1389275
2	2010-10-21T00:03:50Z	34.0430230998	-118.2671570778	14637
2	2010-10-20T17:18:59Z	34.0172734606	-118.447508812	59838
2	2010-10-15T16:00:09Z	34.0172734606	-118.447508812	59838
2	2010-10-12T01:35:37Z	34.0172734606	-118.447508812	59838
2	2010-10-08T02:00:05Z	34.02476572	-118.32811021	1474903
2	2010-10-07T19:14:49Z	34.0308269167	-118.4686975833	335197
2	2010-10-07T00:29:04Z	34.0426141541	-118.2696247101	31248
2	2010-10-07T00:17:00Z	34.0172734606	-118.447508812	59838
2	2010-10-06T23:39:38Z	34.0303804344	-118.4662628174	2781866
2	2010-10-06T20:34:07Z	34.031481915	-118.46877458	1327534
2	2010-10-06T17:59:20Z	34.0301191667	-118.4670352833	10184
2	2010-10-06T16:34:09Z	34.0577193758	-118.4129605742	273676
2	2010-10-06T16:06:00Z	34.06330275	-118.31934065	646751
2	2010-10-04T19:13:01Z	34.1017862336	-118.3221428642	50789
2	2010-10-04T18:33:29Z	34.102804483	-118.325722617	1497075
2	2010-10-04T16:24:36Z	34.1014109427	-118.3232527971	39145
2	2010-10-03T21:18:21Z	34.0631390112	-118.2974767685	724392
2	2010-10-03T21:18:00Z	34.0632012271	-118.2983028889	1446435
2	2010-10-03T21:17:26Z	34.0632723309	-118.2985389233	1021052
2	2010-10-03T21:16:16Z	34.062861833	-118.3091201	1246274
2	2010-10-03T21:15:39Z	34.0626799333	-118.3088401333	818731
2	2010-10-03T21:14:58Z	34.061429	-118.30636315	887911
2	2010-10-02T02:59:02Z	34.0346199167	-118.3456304667	197128
2	2010-10-02T00:07:36Z	34.03002165	-118.4676396	1440594
2	2010-10-01T21:15:42Z	34.0300781254	-118.4673142433	1431584
2	2010-10-01T20:58:49Z	34.0302281	-118.4681672167	1180057
2	2010-10-01T17:02:14Z	34.0172734606	-118.447508812	59838
2	2010-10-01T16:46:08Z	34.0426141541	-118.2696247101	31248
2	2010-10-01T16:45:36Z	34.04523605	-118.26825845	1295851
2	2010-10-01T16:44:01Z	34.06207728	-118.24878776	1275325
2	2010-09-30T23:58:27Z	34.05494915	-118.2559049	40773
2	2010-09-30T23:57:54Z	34.0506333752	-118.2587426682	592064
2	2010-09-30T23:56:43Z	34.0509944167	-118.25968585	464958
2	2010-09-30T23:56:17Z	34.05189295	-118.260597025	1557810
2	2010-09-30T17:05:11Z	34.0301191667	-118.4670352833	10184
2	2010-09-30T16:52:17Z	34.0172734606	-118.447508812	59838
2	2010-09-30T16:22:29Z	34.0400626446	-118.2704079151	560904
2	2010-09-30T16:21:54Z	34.0457612066	-118.2673287392	49427
2	2010-09-30T16:21:12Z	34.05400699	-118.25804483	1116109
2	2010-09-30T16:19:43Z	34.0650232444	-118.2497656345	72429
2	2010-09-30T16:19:00Z	34.07020205	-118.2601593833	31383
2	2010-09-28T16:46:48Z	37.7719274835	-122.4039709568	77383
2	2010-09-28T16:17:58Z	37.775117273	-122.397902973	1242636
2	2010-09-25T20:38:38Z	34.030414819	-118.270817569	1933179
2	2010-09-25T20:37:14Z	34.0254443667	-118.2773392833	995023
2	2010-09-25T20:36:27Z	34.02422155	-118.278297917	1456819
2	2010-09-25T20:35:54Z	34.01750254	-118.28000009	506175
2	2010-09-25T20:34:51Z	34.01744825	-118.2797147	528776
2	2010-09-25T20:34:27Z	34.0171002376	-118.282734258	287578
2	2010-09-25T20:33:51Z	34.019219024	-118.281777438	1456950
2	2010-09-25T20:20:45Z	34.0210794933	-118.2862758636	144218
2	2010-09-25T07:57:13Z	33.8223335534	-118.2902539266	533148
2	2010-09-25T07:56:39Z	33.8318845333	-118.27727435	627768
2	2010-09-25T07:56:14Z	33.82840765	-118.2985576167	369810
2	2010-09-25T07:54:55Z	33.8316040524	-118.2978056237	1039662
2	2010-09-25T07:53:29Z	33.83200795	-118.2973189667	635249
2	2010-09-25T07:52:46Z	33.832146455	-118.2794415951	206409
2	2010-09-25T07:52:17Z	33.8322801371	-118.2795381546	206432
2	2010-09-25T07:51:03Z	33.8317878591	-118.2894022038	573595
2	2010-09-25T07:46:58Z	33.8311776833	-118.2883451167	512632
2	2010-09-25T02:52:20Z	33.8646511833	-118.25533595	451074
2	2010-09-25T02:50:25Z	33.86459545	-118.261470767	4378439
2	2010-09-25T02:11:34Z	33.8643399735	-118.2610845566	39658
2	2010-09-25T02:03:52Z	33.8720295833	-118.2669474	187323
2	2010-09-25T02:01:37Z	33.8654895431	-118.2785955824	840658
2	2010-09-25T01:38:14Z	34.0430230998	-118.2671570778	14637
2	2010-09-25T01:36:06Z	34.04728825	-118.262315317	1246707
2	2010-09-25T01:35:12Z	34.0478605667	-118.2617290833	475548
2	2010-09-25T01:33:48Z	34.0524432425	-118.2636381127	339909
2	2010-09-25T01:33:18Z	34.0514258592	-118.2640680588	741379
2	2010-09-24T02:34:31Z	34.05091869	-118.41093873	1077605
2	2010-09-24T02:33:10Z	34.0515216102	-118.4110951424	74893
2	2010-09-24T02:31:11Z	34.0437574333	-118.4217069667	224306
2	2010-09-24T02:30:19Z	34.0408330583	-118.426041956	43088
2	2010-09-24T02:11:07Z	34.027174511	-118.4548426736	617959
2	2010-09-23T20:08:40Z	34.03002165	-118.4676396	1440594
2	2010-09-23T17:03:22Z	34.0301103333	-118.4551926167	570770
2	2010-09-23T17:02:57Z	34.02964532	-118.45865984	2551584
2	2010-09-23T17:00:22Z	34.0172734606	-118.447508812	59838
2	2010-09-23T16:57:28Z	34.0293672667	-118.41144855	239548
2	2010-09-23T16:56:52Z	34.0278493667	-118.3937374833	46069
2	2010-09-23T02:29:26Z	34.061658465	-118.293083606	2110209
2	2010-09-23T02:24:00Z	34.0576885	-118.3021411333	405577
2	2010-09-23T02:23:20Z	34.0578694333	-118.3010091333	444150
2	2010-09-23T02:19:28Z	34.0472223	-118.2997454	59387
2	2010-09-22T20:57:23Z	34.0300781254	-118.4673142433	1431584
2	2010-09-22T02:35:22Z	34.0527691167	-118.2573119667	83573
2	2010-09-22T02:32:39Z	34.0488903633	-118.2609128952	16865
2	2010-09-21T17:03:02Z	34.0172734606	-118.447508812	59838
2	2010-09-21T17:00:16Z	34.0336031167	-118.4493138667	54678
2	2010-09-21T16:59:45Z	34.03438105	-118.44880925	122271
2	2010-09-21T16:58:59Z	34.0372210994	-118.4418916785	495815
2	2010-09-21T16:57:50Z	34.03872126	-118.43943107	275509
2	2010-09-21T16:57:12Z	34.039559519	-118.439747567	3295610
2	2010-09-21T16:55:25Z	34.0437771	-118.4313234667	360650
2	2010-09-21T16:54:08Z	34.0581527013	-118.4147429466	75113
2	2010-09-21T16:53:15Z	34.0577193758	-118.4129605742	273676
2	2010-09-21T16:51:08Z	34.059051066	-118.4107355039	500861
2	2010-09-21T16:37:36Z	34.05601251	-118.37592923	981927
2	2010-09-21T16:35:18Z	34.0600720167	-118.3627867333	469624
2	2010-09-21T16:34:07Z	34.0577152667	-118.3633002833	82411
2	2010-09-21T16:31:48Z	34.0589797333	-118.34483385	47717
2	2010-09-21T16:30:16Z	34.0627234966	-118.3438333869	123828
2	2010-09-21T16:11:13Z	34.0830732833	-118.2734911333	411694
2	2010-09-21T16:10:17Z	34.0888442167	-118.2687598833	53138
2	2010-09-21T02:33:01Z	34.0897091333	-118.2683092667	167337
2	2010-09-21T02:24:16Z	34.0457612066	-118.2673287392	49427
2	2010-09-21T02:23:42Z	34.0426141541	-118.2696247101	31248
2	2010-09-21T02:22:56Z	34.0460012911	-118.2661998742	942872
2	2010-09-21T02:22:30Z	34.0452500833	-118.2666993833	580108
2	2010-09-21T02:22:01Z	34.0443563333	-118.2661700167	977800
2	2010-09-21T02:16:59Z	34.0346199167	-118.3456304667	197128
2	2010-09-20T16:48:26Z	34.03151735	-118.45702705	1029443
2	2010-09-20T16:44:37Z	34.0172734606	-118.447508812	59838
2	2010-09-20T16:42:01Z	34.029408	-118.430591	603697
2	2010-09-20T16:41:16Z	34.028038	-118.427612	275512
2	2010-09-20T16:40:26Z	34.03004008	-118.42416131	689107
2	2010-09-19T20:06:56Z	34.1964448833	-118.3461696667	829715
2	2010-09-19T20:06:15Z	34.1961143486	-118.3539104462	17888
2	2010-09-19T18:32:06Z	37.7113487167	-122.2123540667	740739
2	2010-09-19T18:31:29Z	37.7104980259	-122.2135725663	1100111
2	2010-09-19T18:27:56Z	37.7105274475	-122.2120428085	224629
2	2010-09-19T18:27:28Z	37.71034324	-122.21212446	425059
2	2010-09-19T18:26:53Z	37.71034324	-122.21212446	425042
2	2010-09-19T18:26:20Z	37.71034324	-122.21212446	425045
2	2010-09-19T18:25:35Z	37.71034324	-122.21212446	425104
2	2010-09-19T18:25:06Z	37.71034324	-122.21212446	425071
2	2010-09-19T18:24:29Z	37.71034324	-122.21212446	425051
2	2010-09-19T18:23:23Z	37.71034324	-122.21212446	425078
2	2010-09-19T18:21:21Z	37.7118479187	-122.2118430236	424787
2	2010-09-19T18:18:01Z	37.7118479187	-122.2118430236	424775
2	2010-09-19T18:03:57Z	37.7118479187	-122.2118430236	424790
2	2010-09-19T18:03:26Z	37.7122487	-122.2122091833	363837
2	2010-09-19T18:02:36Z	37.71207845	-122.21158182	979811
2	2010-09-19T17:22:00Z	37.7174387	-122.2072836	326940
2	2010-09-19T17:21:19Z	37.7141770694	-122.2108411789	17159
2	2010-09-19T17:17:16Z	37.7513378048	-122.2011208534	10746
2	2010-09-19T17:16:33Z	37.7502562111	-122.2028911114	10747
2	2010-09-19T17:15:57Z	37.7691726653	-122.2159119314	879652
2	2010-09-19T17:08:45Z	37.8247770415	-122.3138004541	10130
2	2010-09-19T17:06:17Z	37.8099332	-122.349752	987709
2	2010-09-19T17:04:49Z	37.7991136667	-122.3889843833	42739
2	2010-09-19T08:15:28Z	37.8034400833	-122.4006772	11576
2	2010-09-19T05:47:20Z	37.8245651763	-122.4160194397	2332941
2	2010-09-19T05:46:52Z	37.8262871504	-122.4206757545	1105759
2	2010-09-19T05:46:33Z	37.8265651603	-122.4206221104	2360962
2	2010-09-19T05:45:53Z	37.8262007605	-122.4215018749	1105749
2	2010-09-19T05:45:26Z	37.8267261736	-122.4217057228	1105821
2	2010-09-19T05:44:57Z	37.8263172839	-122.4220061302	1132210
2	2010-09-19T05:44:30Z	37.8278871539	-122.4248385429	1167866
2	2010-09-19T05:44:10Z	37.8262007605	-122.4221858382	972364
2	2010-09-19T05:43:49Z	37.8280524014	-122.424505949	1167887
2	2010-09-19T05:43:22Z	37.8280481643	-122.4241089821	1167868
2	2010-09-19T05:43:04Z	37.8263363513	-122.4224030972	1167873
2	2010-09-19T05:42:49Z	37.8266990556	-122.4223682284	1167877
2	2010-09-19T05:42:15Z	37.8265418557	-122.4237442017	1167883
2	2010-09-19T05:41:58Z	37.825514328	-122.4218451977	1131271
2	2010-09-19T05:41:36Z	37.8270206576	-122.4241089821	1131095
2	2010-09-19T05:38:09Z	37.826683039	-122.421084999	2678608
2	2010-09-19T05:37:27Z	37.8270312505	-122.4215340614	1247208
2	2010-09-19T05:36:01Z	37.827064991	-122.4221134186	3415094
2	2010-09-19T05:35:27Z	37.8272537016	-122.4224111438	1105801
2	2010-09-19T05:35:00Z	37.8276986018	-122.4231702089	1131067
2	2010-09-19T05:34:43Z	37.8271837885	-122.423427701	1131752
2	2010-09-19T05:33:30Z	37.8270736222	-122.4217888713	1105735
2	2010-09-19T03:24:55Z	37.82685405	-122.4233828	4017310
2	2010-09-19T03:18:45Z	37.8270778594	-122.4237173796	1167885
2	2010-09-19T02:57:16Z	37.8265990579	-122.4228858948	50511
2	2010-09-18T23:40:02Z	37.8034400833	-122.4006772	11576
2	2010-09-18T23:39:11Z	37.80301302	-122.40098446	2431681
2	2010-09-18T23:38:38Z	37.8013580097	-122.4005377293	1109903
2	2010-09-18T23:37:46Z	37.80081275	-122.4002241	646284
2	2010-09-18T23:37:20Z	37.8009101667	-122.4004239667	388620
2	2010-09-18T23:36:37Z	37.8007972667	-122.3987661333	407365
2	2010-09-18T23:36:02Z	37.8011551167	-122.39898915	617252
2	2010-09-18T23:35:30Z	37.8003176667	-122.3967900167	324919
2	2010-09-18T23:34:58Z	37.8000073833	-122.3979827333	407355
2	2010-09-18T23:34:32Z	37.7989420167	-122.3975307333	1172391
2	2010-09-18T23:34:05Z	37.7992284667	-122.3972899667	231027
2	2010-09-18T23:29:59Z	37.796184713	-122.397000111	1484038
2	2010-09-18T23:29:03Z	37.795574107	-122.3962140422	976973
2	2010-09-18T23:27:59Z	37.7931380917	-122.3962925528	48319
2	2010-09-18T23:27:32Z	37.793132283	-122.3964640615	68641
2	2010-09-18T22:24:04Z	37.7955948133	-122.3944990198	67272
2	2010-09-18T22:22:22Z	37.79560023	-122.39453506	1382269
2	2010-09-18T22:22:02Z	37.7956192257	-122.3945014149	253784
2	2010-09-18T22:21:44Z	37.7992284667	-122.3972899667	231027
2	2010-09-18T22:17:57Z	37.79569208	-122.39469492	413695
2	2010-09-18T22:16:54Z	37.79571789	-122.39476442	411066
2	2010-09-18T21:55:38Z	37.7956864865	-122.393682003	85070
2	2010-09-18T21:55:08Z	37.7956031333	-122.3940420833	382187
2	2010-09-18T21:54:45Z	37.7958197167	-122.3937842667	62712
2	2010-09-18T21:54:13Z	37.7956478667	-122.3939052333	66846
2	2010-09-18T21:53:34Z	37.79574115	-122.393796233	1230373
2	2010-09-18T21:53:09Z	37.7957602167	-122.3941720167	885320
2	2010-09-18T21:50:01Z	37.796042559	-122.3942828178	19763
2	2010-09-18T21:49:33Z	37.7957966996	-122.3941218853	688194
2	2010-09-18T21:49:14Z	37.7958247833	-122.3940562	687349
2	2010-09-18T21:48:57Z	37.79588145	-122.39402695	487203
2	2010-09-18T21:48:14Z	37.79595778	-122.3939502239	64191
2	2010-09-18T09:12:40Z	37.78982692	-122.39760303	983525
2	2010-09-18T09:11:28Z	37.790873	-122.399524	1439815
2	2010-09-18T09:10:32Z	37.7952965003	-122.3935747147	167088
2	2010-09-18T09:10:01Z	37.7917780534	-122.3928880692	99613
2	2010-09-18T09:09:39Z	37.7947426218	-122.3991734921	117194
2	2010-09-18T09:08:45Z	37.7937589667	-122.3931795	50582
2	2010-09-18T09:08:18Z	37.7907945539	-122.3950982094	957173
2	2010-09-18T08:49:37Z	37.79289722	-122.40097773	1096277
2	2010-09-18T08:49:14Z	37.78957635	-122.39758145	21262
2	2010-09-18T08:48:40Z	37.7941326167	-122.4014373167	33193
2	2010-09-18T08:46:43Z	37.7958163333	-122.4027721	62843
2	2010-09-18T08:44:13Z	37.7941350074	-122.3990947008	59845
2	2010-09-18T08:43:43Z	37.7941689199	-122.3991215229	161494
2	2010-09-18T08:43:10Z	37.7943995667	-122.40007895	59921
2	2010-09-18T08:42:45Z	37.7948617999	-122.4008861165	28527
2	2010-09-18T08:42:17Z	37.7947943668	-122.4001480329	255529
2	2010-09-18T08:41:48Z	37.7980305993	-122.4045234919	49559
2	2010-09-18T08:41:18Z	37.798223466	-122.4045690894	49560
2	2010-09-18T08:40:37Z	37.7981088167	-122.4042298	39209
2	2010-09-18T08:39:14Z	37.7941350074	-122.3990947008	59845
2	2010-09-18T08:38:33Z	37.79563146	-122.39968895	255218
2	2010-09-18T08:37:57Z	37.7976577	-122.4007992667	83396
2	2010-09-18T08:37:06Z	37.7977866095	-122.4007000454	57653
2	2010-09-18T00:14:48Z	37.7953749333	-122.3960802	346143
2	2010-09-18T00:14:00Z	37.7959435	-122.3961454833	1020991
2	2010-09-18T00:13:31Z	37.7955677952	-122.3961925507	129065
2	2010-09-18T00:12:15Z	37.7956992919	-122.3967906427	132688
2	2010-09-18T00:11:52Z	37.79588705	-122.39487797	150450
2	2010-09-18T00:11:07Z	37.7961564833	-122.3957594667	1020932
2	2010-09-17T21:47:58Z	37.7958789833	-122.3937889333	51720
2	2010-09-17T21:40:06Z	37.79572589	-122.393729893	1478193
2	2010-09-17T21:38:12Z	37.7958680333	-122.3935846	382311
2	2010-09-17T21:36:27Z	37.7954473	-122.3929184	82761
2	2010-09-17T21:35:35Z	37.7954745377	-122.3930490017	1849714
2	2010-09-17T21:34:44Z	37.7961558833	-122.3936971833	21169
2	2010-09-17T21:27:41Z	37.79588705	-122.39487797	191617
2	2010-09-17T21:22:08Z	37.79596805	-122.3931541667	107265
2	2010-09-17T21:20:39Z	37.79596805	-122.3931541667	107270
2	2010-09-17T21:20:14Z	37.7952459833	-122.3931101	457493
2	2010-09-17T21:19:07Z	37.7951569167	-122.3932980833	220923
2	2010-09-17T21:09:54Z	37.7952256667	-122.39341575	258897
2	2010-09-17T20:44:33Z	37.7944147847	-122.3959887028	475822
2	2010-09-17T19:48:24Z	37.8026295919	-122.4024474621	9063
2	2010-09-17T19:47:05Z	37.7879542018	-122.4075329304	9114
2	2010-09-17T19:44:30Z	37.79762505	-122.4065995167	10195
2	2010-09-17T19:42:07Z	37.7953643241	-122.4031555653	9064
2	2010-09-17T19:41:16Z	37.7953388902	-122.3937249184	9073
2	2010-09-17T19:40:27Z	37.7906504193	-122.4055776	9116
2	2010-09-17T19:39:18Z	37.7871868641	-122.3977214098	21525
2	2010-09-17T19:31:53Z	37.7858259859	-122.4065190554	14710
2	2010-09-17T19:22:08Z	37.7832313449	-122.4037456512	14858
2	2010-09-17T19:19:49Z	37.7858090278	-122.4010634422	16008
2	2010-09-17T19:14:38Z	37.7827612667	-122.4007778167	24097
2	2010-09-17T16:38:31Z	37.7799376591	-122.4030531623	77525
2	2010-09-17T16:37:09Z	37.77855253	-122.40205109	798109
2	2010-09-17T16:36:35Z	37.7796391438	-122.4011583847	415166
2	2010-09-17T16:36:00Z	37.7804718018	-122.400352478	117295
2	2010-09-17T16:34:15Z	37.8023377167	-122.3733680833	37735
2	2010-09-17T16:30:16Z	37.82065765	-122.3346048667	33720
2	2010-09-17T16:29:29Z	37.82105805	-122.33179148	1438820
2	2010-09-17T16:28:10Z	37.8215396404	-122.3188430071	1358765
2	2010-09-17T16:27:49Z	37.8218990564	-122.3188537359	1358318
2	2010-09-17T16:26:17Z	37.8247770415	-122.3138004541	10130
2	2010-09-17T16:25:47Z	37.8247770415	-122.3138004541	10130
2	2010-09-17T16:25:09Z	37.8192348833	-122.29324505	50744
2	2010-09-17T16:24:31Z	37.80985766	-122.30448693	1233060
2	2010-09-17T16:24:10Z	37.80682625	-122.3013853167	172104
2	2010-09-17T16:23:25Z	37.8001219824	-122.2875552629	51910
2	2010-09-17T16:23:02Z	37.8031975582	-122.2858679295	539145
2	2010-09-17T16:22:37Z	37.8006883009	-122.2774136066	165613
2	2010-09-17T16:21:48Z	37.7935213832	-122.2670787617	45722
2	2010-09-17T16:21:03Z	37.7803229333	-122.2494578	177794
2	2010-09-17T16:19:46Z	37.7733411667	-122.23587265	306653
2	2010-09-17T16:19:05Z	37.7647609748	-122.2248101234	1528404
2	2010-09-17T16:16:19Z	37.7513378048	-122.2011208534	10746
2	2010-09-17T16:15:53Z	37.7502562111	-122.2028911114	10747
2	2010-09-17T16:14:43Z	37.7298218333	-122.1942684667	36841
2	2010-09-17T16:12:52Z	37.7266593333	-122.20526545	676790
2	2010-09-17T14:41:08Z	34.196586832	-118.353457098	1394383
2	2010-09-17T14:40:49Z	34.19670809	-118.350648465	1436149
2	2010-09-17T14:31:05Z	34.1963725833	-118.3515062	64152
2	2010-09-17T14:29:11Z	34.1965023667	-118.3520002167	64148
2	2010-09-17T14:28:44Z	34.1982507333	-118.3419180667	547152
2	2010-09-17T14:28:30Z	34.1961143486	-118.3539104462	17888
2	2010-09-17T03:43:45Z	34.0911469	-118.2837227167	580147
2	2010-09-17T03:43:05Z	34.0910327	-118.2871238833	172773
2	2010-09-17T03:41:48Z	34.0834704333	-118.2867089167	487624
2	2010-09-17T03:39:12Z	34.0729454	-118.2827918167	276949
2	2010-09-17T03:38:40Z	34.0759401333	-118.2884300333	651821
2	2010-09-17T03:38:15Z	34.0736246	-118.2860183667	265742
2	2010-09-17T03:33:53Z	34.0585335352	-118.2804050886	1604588
2	2010-09-17T03:31:14Z	34.051893681	-118.285125957	2588460
2	2010-09-17T02:37:32Z	34.052708	-118.376452	170098
2	2010-09-17T02:36:07Z	34.052708	-118.376452	170098
2	2010-09-17T02:26:13Z	34.0546575167	-118.3836487333	147838
2	2010-09-17T02:20:10Z	34.054349186	-118.412099886	1399245
2	2010-09-17T02:19:26Z	34.04764294	-118.41120123	606958
2	2010-09-17T02:18:31Z	34.0445722167	-118.4194379333	48690
2	2010-09-17T02:16:17Z	34.0421794	-118.42620706	120809
2	2010-09-17T02:15:55Z	34.041211006	-118.4262813306	354971
2	2010-09-17T02:15:20Z	34.0401602294	-118.4284324095	347729
2	2010-09-17T02:14:25Z	34.0408330583	-118.426041956	43088
2	2010-09-17T02:13:56Z	34.0400398643	-118.4285525488	999393
2	2010-09-17T02:13:28Z	34.0383767333	-118.4316076833	88796
2	2010-09-17T02:12:33Z	34.0384172333	-118.43163345	72792
2	2010-09-17T02:11:50Z	34.0386691971	-118.4309185402	96962
2	2010-09-17T02:05:22Z	34.0375090596	-118.4374439115	725896
2	2010-09-17T02:05:06Z	34.0329664833	-118.4526931333	749281
2	2010-09-17T02:04:07Z	34.033904383	-118.448722233	3371026
2	2010-09-17T02:01:50Z	34.0327583333	-118.45270165	150456
2	2010-09-17T02:00:49Z	34.0302404667	-118.4612290167	187263
2	2010-09-17T02:00:21Z	34.0284065149	-118.451757431	78597
2	2010-09-17T01:58:01Z	34.0227856167	-118.462741	97056
2	2010-09-17T01:56:59Z	34.023396833	-118.463335167	1427388
2	2010-09-16T16:49:44Z	34.0172734606	-118.447508812	59838
2	2010-09-16T16:48:06Z	34.033652716	-118.435966601	3144895
2	2010-09-16T16:45:43Z	34.028902	-118.404039	3733693
2	2010-09-16T16:45:08Z	34.02557963	-118.3956179	879644
2	2010-09-16T16:43:32Z	34.0318806333	-118.3914133667	539103
2	2010-09-16T16:34:44Z	34.0406878371	-118.349004795	78571
2	2010-09-16T16:33:02Z	34.0324634314	-118.3471029997	3526640
2	2010-09-16T16:32:35Z	34.0346199167	-118.3456304667	197128
2	2010-09-16T16:19:51Z	34.0438950062	-118.2758045197	1337694
2	2010-09-16T16:18:46Z	34.0556538	-118.2570934167	140385
2	2010-09-16T16:18:22Z	34.0547667667	-118.2591357	891995
2	2010-09-16T16:17:48Z	34.0561829528	-118.254425555	165739
2	2010-09-16T03:01:27Z	34.05384774	-118.255476814	3209993
2	2010-09-16T03:00:39Z	34.0524063158	-118.2570235198	606852
2	2010-09-16T03:00:20Z	34.0491948276	-118.2604917884	1413938
2	2010-09-16T02:59:33Z	34.0495525778	-118.2602879702	35834
2	2010-09-16T02:58:50Z	34.045289633	-118.266467641	2050196
2	2010-09-16T02:57:46Z	34.0430230998	-118.2671570778	14637
2	2010-09-16T02:55:10Z	34.0381689659	-118.2740020752	1014659
2	2010-09-16T02:54:01Z	34.0348266341	-118.284053137	794580
2	2010-09-16T02:53:15Z	34.035794735	-118.2915276289	1256169
2	2010-09-16T02:45:42Z	34.0398747833	-118.3707382	738729
2	2010-09-16T02:43:19Z	34.03038935	-118.3846400333	83566
2	2010-09-16T02:39:50Z	34.0293672667	-118.41144855	239548
2	2010-09-15T18:38:45Z	34.0299661667	-118.4674145333	1440563
2	2010-09-15T16:29:51Z	34.0172734606	-118.447508812	59838
2	2010-09-15T03:00:18Z	34.0762376195	-118.289041373	757537
2	2010-09-15T02:59:29Z	34.0761275167	-118.2918157833	712664
2	2010-09-15T02:33:01Z	34.0702362167	-118.2921433333	153622
2	2010-09-15T02:32:38Z	34.0695018333	-118.2905178167	481887
2	2010-09-15T02:31:56Z	34.0692981654	-118.2912111282	206527
2	2010-09-15T02:31:19Z	34.07033105	-118.2922212333	491522
2	2010-09-15T02:30:26Z	34.06917895	-118.293523163	1431755
2	2010-09-15T02:29:16Z	34.0687419333	-118.2960148333	778265
2	2010-09-15T02:27:33Z	34.06935615	-118.3019069833	731086
2	2010-09-15T02:23:19Z	34.061840551	-118.313448053	2241440
2	2010-09-15T02:21:55Z	34.062037468	-118.3145034313	1588579
2	2010-09-15T02:20:36Z	34.0530399	-118.318265483	1584488
2	2010-09-14T19:52:47Z	34.0299288	-118.46808375	1431745
2	2010-09-14T19:51:55Z	34.0300474	-118.4681232833	1446130
2	2010-09-14T19:50:56Z	34.0298476833	-118.46783025	1440545
2	2010-09-14T19:49:01Z	34.0300781254	-118.4673142433	1431584
2	2010-09-14T19:47:37Z	34.0302281	-118.4681672167	1180057
2	2010-09-14T19:45:52Z	34.0311562167	-118.4629187833	692768
2	2010-09-14T19:45:19Z	34.0293881234	-118.4727240235	387120
2	2010-09-14T19:44:25Z	34.0297992437	-118.472170131	125582
2	2010-09-14T19:44:01Z	34.02780906	-118.470599605	1552559
2	2010-09-14T19:43:42Z	34.0274974	-118.4698354333	2448960
2	2010-09-14T19:43:22Z	34.0325253167	-118.46596825	1594112
2	2010-09-14T19:43:05Z	34.03003787	-118.47152781	3040971
2	2010-09-14T19:42:12Z	34.0307874833	-118.4709222333	44313
2	2010-09-14T19:41:50Z	34.030037808	-118.464682588	2781073
2	2010-09-14T19:41:35Z	34.031285979	-118.469558585	1523118
2	2010-09-14T19:40:58Z	34.03903222	-118.46777319	1788756
2	2010-09-14T19:40:22Z	34.03878965	-118.46706285	908412
2	2010-09-14T17:09:32Z	34.0760369167	-118.3433403833	849199
2	2010-09-14T17:08:40Z	34.07229393	-118.33349579	925194
2	2010-09-14T17:07:40Z	34.0758831117	-118.323075317	226821
2	2010-09-14T17:06:37Z	34.07601215	-118.3234648333	1059890
2	2010-09-14T17:06:04Z	34.074078	-118.31332	892609
2	2010-09-14T17:05:11Z	34.0761111111	-118.3090277778	1279047
2	2010-09-14T17:04:31Z	34.0761941671	-118.3042520285	2337477
2	2010-09-14T17:02:04Z	34.0765410423	-118.2919085026	759895
2	2010-09-14T17:01:25Z	34.0779539976	-118.2913935184	313524
2	2010-09-14T17:00:33Z	34.0837758667	-118.2932716333	845134
2	2010-09-14T16:59:35Z	34.090187226	-118.2917151623	633266
2	2010-09-14T16:59:14Z	34.0875330353	-118.2932710648	443645
2	2010-09-13T21:57:25Z	34.0301191667	-118.4670352833	10184
2	2010-09-13T17:16:44Z	34.0401915554	-118.4730166197	55807
2	2010-09-13T17:15:31Z	34.041080808	-118.471019509	1463821
2	2010-09-13T17:14:00Z	34.0407393167	-118.4727972167	1145242
2	2010-09-13T17:12:23Z	34.0483945	-118.47140616	244770
2	2010-09-13T17:06:43Z	34.0774474692	-118.4744918346	17355
2	2010-09-13T17:05:29Z	34.076999583	-118.474539483	1497734
2	2010-09-13T17:04:00Z	34.0721489956	-118.4513649586	522567
2	2010-09-13T17:03:01Z	34.0736532784	-118.4402812225	81055
2	2010-09-13T17:02:08Z	34.0758649536	-118.4406439692	427793
2	2010-09-13T17:01:15Z	34.07359482	-118.4397634407	415674
2	2010-09-13T16:59:45Z	34.073919459	-118.4390223026	3412016
2	2010-09-13T16:56:54Z	34.0806626667	-118.4126661333	588822
2	2010-09-13T16:56:32Z	34.08062565	-118.4142745333	360583
2	2010-09-13T16:56:05Z	34.0796377057	-118.4139728267	63391
2	2010-09-13T16:55:40Z	34.0796377057	-118.4139728267	63392
2	2010-09-13T16:55:02Z	34.09270685	-118.4011177333	210729
2	2010-09-13T16:53:59Z	34.0852054167	-118.3839489833	349023
2	2010-09-13T16:53:32Z	34.0852155667	-118.3839746833	105356
2	2010-09-13T16:53:11Z	34.0839983503	-118.3857410901	215933
2	2010-09-13T16:52:42Z	34.0901218456	-118.3929264372	795261
2	2010-09-13T16:51:33Z	34.0855003532	-118.383202861	549836
2	2010-09-13T16:50:31Z	34.0975098333	-118.36839865	249719
2	2010-09-13T16:49:48Z	34.0975984833	-118.3678537167	405194
2	2010-09-13T16:49:07Z	34.09806585	-118.3673599167	244927
2	2010-09-13T16:48:28Z	34.09755455	-118.3650320667	487083
2	2010-09-13T16:47:01Z	34.0983379515	-118.3453030002	403822
2	2010-09-13T16:45:57Z	34.0982869833	-118.3416652333	55701
2	2010-09-13T16:45:12Z	34.0990685167	-118.3374944	378140
2	2010-09-13T16:44:35Z	34.0979790688	-118.3383053541	1115425
2	2010-09-13T16:44:05Z	34.0980460438	-118.3378676252	1065032
2	2010-09-13T16:43:09Z	34.0979656844	-118.32935474	147012
2	2010-09-13T16:42:18Z	34.0980432009	-118.3257939597	692905
2	2010-09-13T16:41:48Z	34.097924317	-118.325254783	1337593
2	2010-09-13T16:41:26Z	34.0985798833	-118.3211445667	998626
2	2010-09-13T16:41:01Z	34.0979473667	-118.3193339833	44839
2	2010-09-13T16:40:41Z	34.0983325892	-118.3194172382	1158359
2	2010-09-13T16:40:19Z	34.097924233	-118.3203701	1312003
2	2010-09-13T16:39:25Z	34.1020365667	-118.3090465333	423932
2	2010-09-13T16:39:06Z	34.1018266662	-118.3093319367	378445
2	2010-09-13T16:38:49Z	34.1019380093	-118.3087903261	677616
2	2010-09-13T16:38:31Z	34.0981680333	-118.3059713333	825906
2	2010-09-13T16:37:47Z	34.10102165	-118.292739	447498
2	2010-09-13T16:36:40Z	34.0988585543	-118.2915609818	266106
2	2010-09-13T16:36:14Z	34.1007642833	-118.2919341	281227
2	2010-09-13T16:35:46Z	34.1005541167	-118.2912386333	303929
2	2010-09-13T16:35:15Z	34.1046067167	-118.2916604667	35237
2	2010-09-13T16:34:45Z	34.09887402	-118.2916845	1056711
2	2010-09-13T16:33:27Z	34.097709754	-118.287214985	3612641
2	2010-09-13T16:32:06Z	34.0952124801	-118.2832921922	367090
2	2010-09-13T16:31:19Z	34.0990841333	-118.2738518667	591620
2	2010-09-12T23:02:30Z	34.1134723	-118.2656841667	1193153
2	2010-09-12T23:01:24Z	34.1063499333	-118.25601545	529746
2	2010-09-12T22:58:48Z	34.082758	-118.2246645333	157556
2	2010-09-12T22:57:16Z	34.0734129064	-118.2402169704	9884
2	2010-09-12T22:56:49Z	34.073930848	-118.240154625	1339733
2	2010-09-12T22:56:11Z	34.065228258	-118.237607341	1784627
2	2010-09-12T22:55:38Z	34.0606236723	-118.2443583012	161884
2	2010-09-12T22:55:25Z	34.06242746	-118.24893867	1242957
2	2010-09-12T22:55:10Z	34.06242746	-118.24893867	1250128
2	2010-09-12T22:54:55Z	34.0626590583	-118.2487249374	513586
2	2010-09-12T22:54:30Z	34.056547617	-118.251001633	1233380
2	2010-09-12T22:54:04Z	34.0602566	-118.2519471	1345862
2	2010-09-12T22:53:49Z	34.0564789	-118.2547718667	988371
2	2010-09-12T22:51:56Z	34.046794	-118.266432	1593336
2	2010-09-12T22:51:45Z	34.0473417	-118.26736944	908565
2	2010-09-12T22:45:51Z	34.02541985	-118.355280033	1219789
2	2010-09-12T22:45:02Z	34.0398747833	-118.3707382	738729
2	2010-09-12T22:44:30Z	34.0301448113	-118.3846619725	273422
2	2010-09-12T22:44:04Z	34.03038935	-118.3846400333	83566
2	2010-09-12T22:43:22Z	34.0306323167	-118.4018215167	583171
2	2010-09-12T22:42:38Z	34.0293672667	-118.41144855	239548
2	2010-09-12T22:41:51Z	34.02519728	-118.41145413	1087349
2	2010-09-12T22:41:25Z	34.0273304206	-118.4288270447	291929
2	2010-09-12T22:39:40Z	34.0204233333	-118.4219958167	67258
2	2010-09-12T22:38:25Z	34.0226537786	-118.439352657	361405
2	2010-09-12T21:26:46Z	34.0083691985	-118.4928179338	532420
2	2010-09-12T21:25:57Z	34.0090916912	-118.493117094	154695
2	2010-09-12T21:25:27Z	34.008959246	-118.4919662558	68801
2	2010-09-12T19:39:02Z	34.0488459158	-118.2383823395	126615
2	2010-09-12T19:05:48Z	34.02704575	-118.5019664833	52652
2	2010-09-12T19:04:59Z	34.025393	-118.503405	1006958
2	2010-09-12T19:03:11Z	34.0213969363	-118.5020626236	534969
2	2010-09-12T19:02:23Z	34.01785165	-118.5030629167	617173
2	2010-09-12T19:00:51Z	34.0138349996	-118.4977713863	758540
2	2010-09-12T18:59:58Z	34.0136803833	-118.49758795	214203
2	2010-09-12T18:59:33Z	34.0115261	-118.4949731667	13856
2	2010-09-12T18:58:56Z	34.0118397865	-118.4939754009	361010
2	2010-09-12T18:58:19Z	34.0133160728	-118.4930419922	1802095
2	2010-09-12T18:57:53Z	34.0131688	-118.4921217167	667261
2	2010-09-12T18:57:29Z	34.01535805	-118.4918913	2056536
2	2010-09-12T18:56:49Z	34.0152885326	-118.4939368228	287513
2	2010-09-12T18:56:24Z	34.0151367092	-118.4935608069	320139
2	2010-09-12T18:55:41Z	34.0142104473	-118.494629026	80437
2	2010-09-12T18:54:59Z	34.0144010379	-118.4937930107	1799267
2	2010-09-12T18:54:13Z	34.0144810167	-118.4946228167	924742
2	2010-09-12T18:50:59Z	34.013867533	-118.493849167	1851550
2	2010-09-12T18:50:40Z	34.013583405	-118.49386158	2376017
2	2010-09-12T18:49:46Z	34.01360368	-118.49186921	1213968
2	2010-09-12T18:49:13Z	34.01379905	-118.493833317	1801883
2	2010-09-12T18:48:51Z	34.013543972	-118.493759901	1845994
2	2010-09-12T18:47:55Z	34.0155037	-118.4924971167	144418
2	2010-09-12T18:47:07Z	34.01537775	-118.4920120167	846069
2	2010-09-12T18:46:43Z	34.014868	-118.491811	2017277
2	2010-09-12T18:46:17Z	34.0146818333	-118.4926469333	78521
2	2010-09-12T18:45:49Z	34.0137718488	-118.4937930107	1802155
2	2010-09-12T18:44:40Z	34.0138220787	-118.4934604168	2957046
2	2010-09-12T18:43:02Z	34.013437467	-118.494177733	1801731
2	2010-09-12T18:41:46Z	34.013519158	-118.494358887	2376116
2	2010-09-12T18:41:10Z	34.0134272379	-118.4945547581	1803333
2	2010-09-12T18:40:11Z	34.013508467	-118.49384115	1804281
2	2010-09-12T18:31:16Z	34.0151232	-118.4956101167	132085
2	2010-09-12T18:29:46Z	34.0131661167	-118.49303485	65827
2	2010-09-12T18:28:31Z	34.0141431376	-118.4944045544	1122591
2	2010-09-12T01:28:29Z	34.09140475	-118.2789872	281350
2	2010-09-11T23:40:16Z	34.046561286	-118.2342195511	97980
2	2010-09-11T23:39:49Z	34.0465184333	-118.23370455	965862
2	2010-09-11T23:39:15Z	34.0461879166	-118.2341444492	725963
2	2010-09-11T23:38:18Z	34.04694618	-118.23428977	435188
2	2010-09-11T23:21:18Z	34.0478502167	-118.2395514833	197699
2	2010-09-11T23:18:15Z	34.0491784	-118.2391276	18015
2	2010-09-11T23:16:54Z	34.0474139036	-118.2390620399	297612
2	2010-09-11T22:41:57Z	34.04947805	-118.23765152	249892
2	2010-09-11T22:37:08Z	34.0493028776	-118.2381910412	315227
2	2010-09-11T22:33:44Z	34.0485528167	-118.2388739333	383739
2	2010-09-11T21:39:02Z	34.048378	-118.238405	1334366
2	2010-09-11T21:36:29Z	34.0483911115	-118.238223433	645266
2	2010-09-11T21:35:17Z	34.0461523575	-118.2387578487	2735036
2	2010-09-11T21:24:19Z	34.0445876856	-118.2490382563	1032793
2	2010-09-11T21:23:41Z	34.0479042333	-118.2462988333	52418
2	2010-09-11T21:23:06Z	34.046313365	-118.2445894996	243520
2	2010-09-11T21:22:47Z	34.048125864	-118.2467079163	1127276
2	2010-09-11T21:22:08Z	34.045848	-118.245554	1185880
2	2010-09-11T21:11:00Z	34.0489488167	-118.2398778333	293565
2	2010-09-11T21:10:26Z	34.0488957	-118.2402889667	949564
2	2010-09-11T21:09:31Z	34.0490115667	-118.2400774667	121110
2	2010-09-11T21:09:08Z	34.0489476167	-118.2400022333	202740
2	2010-09-11T21:08:33Z	34.0489175	-118.2400060167	202691
2	2010-09-11T21:07:35Z	34.0488557667	-118.2400627167	440701
2	2010-09-11T21:02:44Z	34.0489520667	-118.24005375	192579
2	2010-09-11T21:01:58Z	34.0483451667	-118.2401275667	315407
2	2010-09-11T21:00:24Z	34.0489481449	-118.2399702072	202553
2	2010-09-11T20:59:16Z	34.0479105787	-118.2393490464	118860
2	2010-09-11T20:58:12Z	34.0468793167	-118.2384861833	49464
2	2010-09-11T20:57:07Z	34.0472039167	-118.2388668667	162553
2	2010-09-11T20:56:27Z	34.0458395833	-118.23845105	840588
2	2010-09-11T20:55:35Z	34.0455199055	-118.2380497799	717311
2	2010-09-11T20:55:02Z	34.0464077	-118.23805615	667817
2	2010-09-11T20:53:56Z	34.0450403667	-118.2356500167	764521
2	2010-09-11T20:49:50Z	34.045785	-118.23622214	928364
2	2010-09-11T20:45:19Z	34.0456173	-118.2359915333	37319
2	2010-09-11T20:39:48Z	34.0596992887	-118.2370090485	18938
2	2010-09-11T20:39:20Z	34.0586171249	-118.2376970351	1065503
2	2010-09-11T20:38:49Z	34.0596932164	-118.2367662874	644433
2	2010-09-11T20:38:05Z	34.059723548	-118.239415441	1580568
2	2010-09-11T20:37:12Z	34.0610728089	-118.2389625934	1050020
2	2010-09-11T20:36:50Z	34.061061642	-118.239482023	1551828
2	2010-09-11T20:35:49Z	34.0660724	-118.2373493	279777
2	2010-09-11T20:35:15Z	34.0663134	-118.23771	873998
2	2010-09-11T20:32:59Z	34.084258251	-118.228438673	1536205
2	2010-09-11T20:31:30Z	34.1053953119	-118.2549637556	352663
2	2010-09-11T19:27:27Z	34.10137361	-118.29018694	556895
2	2010-09-11T19:27:03Z	34.09133465	-118.2789855833	1166657
2	2010-09-11T19:15:03Z	34.1033082989	-118.2874202206	391137
2	2010-09-11T19:14:17Z	34.10317155	-118.2873398	41522
2	2010-09-11T19:13:48Z	34.1028265833	-118.2873290333	447024
2	2010-09-11T19:13:19Z	34.1027053167	-118.2876489667	414705
2	2010-09-11T19:12:51Z	34.1019162833	-118.28691505	321114
2	2010-09-11T19:12:15Z	34.1016115667	-118.2873145667	475630
2	2010-09-11T19:11:18Z	34.1091231667	-118.2878627667	70805
2	2010-09-11T18:48:02Z	34.1041891667	-118.2916283667	281097
2	2010-09-11T18:47:18Z	34.1045074463	-118.2917556763	42164
2	2010-09-11T18:47:02Z	34.1019084439	-118.2943332195	444220
2	2010-09-11T18:46:31Z	34.1018838667	-118.29429505	1176957
2	2010-09-11T18:45:57Z	34.0948144	-118.2818598833	194225
2	2010-09-11T18:45:20Z	34.0893426541	-118.2918045423	792148
2	2010-09-11T18:44:55Z	34.1054108	-118.2872401	39778
2	2010-09-11T18:44:26Z	34.0934771807	-118.2809114456	498140
2	2010-09-11T18:43:35Z	34.0954165333	-118.2963263167	1145914
2	2010-09-11T18:42:57Z	34.1000550985	-118.2943761349	856050
2	2010-09-11T18:41:58Z	34.0926864291	-118.2808256149	299951
2	2010-09-11T18:41:33Z	34.09519355	-118.2941763	918545
2	2010-09-11T18:40:29Z	34.0961611497	-118.29345389	624504
2	2010-09-11T18:39:14Z	34.097852445	-118.2917431262	1099349
2	2010-09-11T18:35:24Z	34.1004855167	-118.2902092167	72101
2	2010-09-11T18:34:54Z	34.1004258667	-118.2901427167	238265
2	2010-09-11T18:34:31Z	34.098290205	-118.2915490866	1957462
2	2010-09-11T18:33:47Z	34.0955319667	-118.2834025167	46050
2	2010-09-11T18:32:44Z	34.10029575	-118.2901354167	144434
2	2010-09-11T18:32:11Z	34.1003057833	-118.29011965	144439
2	2010-09-11T18:31:56Z	34.0955149167	-118.28350965	814709
2	2010-09-11T18:31:33Z	34.095515	-118.2836564833	762868
2	2010-09-11T18:31:06Z	34.0951134167	-118.2841238833	659669
2	2010-09-11T18:30:20Z	34.1010672833	-118.2873041667	51553
2	2010-09-11T18:29:47Z	34.0956956834	-118.2837247147	300592
2	2010-09-11T18:29:19Z	34.1010378149	-118.2871556282	988598
2	2010-09-11T18:28:11Z	34.0958435167	-118.2837138833	483367
2	2010-09-11T18:27:52Z	34.09991195	-118.290000633	3152989
2	2010-09-11T18:27:33Z	34.1003079	-118.2893646833	443538
2	2010-09-11T18:27:16Z	34.096098	-118.28375	1251398
2	2010-09-11T18:27:02Z	34.0997959833	-118.2898111333	780158
2	2010-09-11T18:26:50Z	34.0960136333	-118.2839462667	671480
2	2010-09-11T18:26:25Z	34.0980355167	-118.2906690667	221455
2	2010-09-11T18:25:40Z	34.0957846667	-118.2843238833	207547
2	2010-09-11T18:25:03Z	34.0988794	-118.2903139167	109868
2	2010-09-11T18:24:12Z	34.09569695	-118.2845413333	589176
2	2010-09-11T18:23:28Z	34.0960441	-118.28989845	1356410
2	2010-09-11T18:23:04Z	34.0954642167	-118.2849339167	70746
2	2010-09-11T18:22:31Z	34.099395752	-118.2897262573	858264
2	2010-09-11T18:22:10Z	34.095476867	-118.285043433	1360450
2	2010-09-11T18:21:30Z	34.0957160667	-118.2847328667	51642
2	2010-09-11T18:21:06Z	34.0962416667	-118.2847231333	446523
2	2010-09-11T18:20:55Z	34.0985133	-118.28936034	893654
2	2010-09-11T18:20:30Z	34.097134	-118.284716	749081
2	2010-09-11T18:20:00Z	34.0958349667	-118.2866424167	628901
2	2010-09-11T18:19:42Z	34.09893865	-118.2877564333	237856
2	2010-09-11T18:19:12Z	34.097808	-118.285177233	1219699
2	2010-09-11T18:18:21Z	34.0973702	-118.2857553833	81401
2	2010-09-11T18:17:19Z	34.0984479	-118.2879385167	175714
2	2010-09-11T18:17:02Z	34.0985153267	-118.287679608	293993
2	2010-09-11T18:16:28Z	34.0976608667	-118.2859633333	53554
2	2010-09-11T18:16:05Z	34.0982746847	-118.2878773944	344328
2	2010-09-11T18:15:43Z	34.0983414108	-118.287790733	46071
2	2010-09-11T18:14:10Z	34.0981064333	-118.2861594	41638
2	2010-09-11T18:13:12Z	34.0968687667	-118.2873279667	1426811
2	2010-09-11T18:12:21Z	34.09828985	-118.2865351	482083
2	2010-09-11T18:11:59Z	34.0971690416	-118.2877618074	2386453
2	2010-09-11T18:11:32Z	34.09736605	-118.28784245	105247
2	2010-09-11T18:10:43Z	34.0980173707	-118.2867463258	30256
2	2010-09-11T18:09:22Z	34.0980100833	-118.2871982167	1043377
2	2010-09-11T18:09:02Z	34.0977242833	-118.2873206833	662684
2	2010-09-10T03:08:15Z	34.1134723	-118.2656841667	1193153
2	2010-09-10T03:06:18Z	34.0981917	-118.2474516	585130
2	2010-09-10T02:47:55Z	34.0308578167	-118.4167264333	173978
2	2010-09-10T02:47:22Z	34.0323400497	-118.4175378084	3368066
2	2010-09-10T02:45:51Z	34.0310944167	-118.4470899	129709
2	2010-09-10T02:45:15Z	34.03134645	-118.4471821833	120190
2	2010-09-10T02:44:10Z	34.027174511	-118.4548426736	617959
2	2010-09-10T02:43:24Z	34.0263724167	-118.4555483167	120101
2	2010-09-09T20:39:39Z	34.0301191667	-118.4670352833	10184
2	2010-09-09T16:34:03Z	34.0172734606	-118.447508812	59838
2	2010-09-09T05:48:52Z	34.1225998333	-118.2248634167	443337
2	2010-09-09T05:46:02Z	34.1224452	-118.2232424167	557456
2	2010-09-09T05:44:39Z	34.1227412224	-118.2223641872	2521525
2	2010-09-09T02:12:05Z	34.0781664167	-118.2615352833	22874
2	2010-09-09T02:10:53Z	34.077368758	-118.263357678	2591784
2	2010-09-09T02:05:37Z	34.0660958667	-118.2605632833	353377
2	2010-09-09T02:04:59Z	34.0575713699	-118.2478983289	384117
2	2010-09-09T02:04:16Z	34.06289076	-118.24662119	195468
2	2010-09-09T02:03:50Z	34.06526175	-118.24666525	179066
2	2010-09-09T02:03:07Z	34.0649112904	-118.2492419559	305370
2	2010-09-09T02:02:42Z	34.06246304	-118.24869936	1204427
2	2010-09-09T02:02:19Z	34.0626590583	-118.2487249374	513586
2	2010-09-09T01:51:29Z	34.0326941333	-118.2682731167	331350
2	2010-09-09T00:54:33Z	34.0301191667	-118.4670352833	10184
2	2010-09-08T16:35:27Z	34.0172734606	-118.447508812	59838
2	2010-09-08T16:33:47Z	34.02576195	-118.4331202833	428337
2	2010-09-08T16:33:03Z	34.036832	-118.429824	988525
2	2010-09-08T16:32:41Z	34.0263342408	-118.4277824023	508033
2	2010-09-08T16:31:53Z	34.0265703729	-118.4270811081	398736
2	2010-09-08T16:31:36Z	34.04021155	-118.4230585167	314976
2	2010-09-08T16:31:03Z	34.03004008	-118.42416131	689107
2	2010-09-08T16:30:14Z	34.0304451167	-118.4015969	79809
2	2010-09-08T16:16:25Z	34.0346199167	-118.3456304667	197128
2	2010-09-08T15:59:46Z	34.045361164	-118.2637238503	38344
2	2010-09-08T15:59:23Z	34.04483908	-118.26349002	1278684
2	2010-09-08T15:58:50Z	34.04941	-118.259551	110058
2	2010-09-08T15:58:15Z	34.05494915	-118.2559049	40773
2	2010-09-08T15:57:38Z	34.0529811234	-118.2551855318	966233
2	2010-09-08T15:56:55Z	34.05428525	-118.24688225	821863
2	2010-09-08T15:56:02Z	34.07020205	-118.2601593833	31383
2	2010-09-08T15:55:42Z	34.0700330222	-118.2677252968	36299
2	2010-09-08T15:49:50Z	34.0824283667	-118.272148	475052
2	2010-09-08T15:49:06Z	34.0826922833	-118.27195165	355131
2	2010-09-08T15:48:23Z	34.0888442167	-118.2687598833	53138
2	2010-09-08T06:33:16Z	34.0992494667	-118.2592154167	105370
2	2010-09-08T02:27:31Z	34.1045223833	-118.2588312667	146989
2	2010-09-08T02:26:54Z	34.0944359	-118.2433187667	934398
2	2010-09-08T02:26:05Z	34.09417175	-118.2412203	1421404
2	2010-09-08T02:24:58Z	34.09249695	-118.2411345167	65730
2	2010-09-08T02:24:18Z	34.082758	-118.2246645333	157556
2	2010-09-08T02:23:40Z	34.08327115	-118.2262691167	549244
2	2010-09-08T02:23:13Z	34.0831464529	-118.2231903076	1243494
2	2010-09-08T02:22:51Z	34.0745775667	-118.2268731	687638
2	2010-09-08T02:22:31Z	34.0754135667	-118.2322590167	1519461
2	2010-09-08T02:22:03Z	34.07157343	-118.23248559	589378
2	2010-09-08T02:21:37Z	34.0734129064	-118.2402169704	9884
2	2010-09-08T02:20:36Z	34.0659105333	-118.23804415	299810
2	2010-09-08T02:20:14Z	34.0660047	-118.2381620167	347863
2	2010-09-08T02:17:28Z	34.0527691167	-118.2573119667	83573
2	2010-09-08T02:17:03Z	34.052637017	-118.2584539	1240603
2	2010-09-08T02:16:32Z	34.0506333752	-118.2587426682	592064
2	2010-09-08T02:15:59Z	34.0517003085	-118.2620774679	212631
2	2010-09-08T02:14:01Z	34.0452192	-118.2663919667	568923
2	2010-09-08T02:12:38Z	34.0450277938	-118.2658803463	37272
2	2010-09-08T02:11:57Z	34.0426141541	-118.2696247101	31248
2	2010-09-08T02:11:34Z	34.0400980333	-118.2697274833	1099691
2	2010-09-08T02:10:35Z	34.0381689659	-118.2740020752	1014659
2	2010-09-07T22:57:41Z	34.0298476833	-118.46783025	1440545
2	2010-09-07T20:09:11Z	34.0301191667	-118.4670352833	10184
2	2010-09-07T16:51:28Z	34.0172734606	-118.447508812	59838
2	2010-09-07T16:49:39Z	34.0312695723	-118.4335184097	506245
2	2010-09-07T16:45:55Z	34.0288589167	-118.3912406167	341647
2	2010-09-07T16:45:00Z	34.0311813333	-118.3911824167	694130
2	2010-09-07T16:44:24Z	34.02863317	-118.39077281	1375390
2	2010-09-07T05:12:14Z	34.1005848667	-118.25943065	162236
2	2010-09-07T05:08:55Z	34.1003096376	-118.2542239329	725551
2	2010-09-07T05:07:52Z	34.1029045921	-118.2590117449	93471
2	2010-09-07T05:06:59Z	34.1033211333	-118.2588428667	372703
2	2010-09-07T05:06:13Z	34.1028236167	-118.2588343	135726
2	2010-09-07T05:05:16Z	34.1034810167	-118.2590694667	662416
2	2010-09-07T04:59:36Z	34.1032096	-118.258641217	1225769
2	2010-09-07T04:57:09Z	34.103172	-118.2585319833	34063
2	2010-09-07T04:55:17Z	34.1074808333	-118.2544344667	115544
2	2010-09-07T04:46:52Z	34.1025014437	-118.249950707	3269407
2	2010-09-07T04:43:01Z	34.1224452	-118.2232424167	557456
2	2010-09-07T04:39:01Z	34.1139044	-118.2351786667	35217
2	2010-09-07T04:36:17Z	34.122082283	-118.223784483	1564489
2	2010-09-07T04:34:26Z	34.1225998333	-118.2248634167	443337
2	2010-09-07T04:32:21Z	34.121855833	-118.224300783	1519910
2	2010-09-07T04:29:38Z	34.12166415	-118.22440865	2784863
2	2010-09-07T04:07:32Z	34.1166225167	-118.2354611167	447175
2	2010-09-07T03:56:28Z	34.121991267	-118.2259379	1390794
2	2010-09-07T03:54:26Z	34.1220508333	-118.2335912833	280665
2	2010-09-07T03:52:33Z	34.121541333	-118.232340967	1313552
2	2010-09-07T03:49:37Z	34.1206759214	-118.2289087772	1234719
2	2010-09-07T03:47:07Z	34.1198521167	-118.2275380833	326558
2	2010-09-07T03:36:25Z	34.1198399333	-118.2275458833	319820
2	2010-09-07T03:32:27Z	34.1483646	-118.22796285	1531355
2	2010-09-07T03:24:59Z	34.1486553333	-118.2270631833	63418
2	2010-09-07T03:23:21Z	34.180602	-118.222518	292263
2	2010-09-07T03:09:08Z	34.144675	-118.20452	1200801
2	2010-09-07T03:07:42Z	34.183218	-118.2150555667	242424
2	2010-09-07T02:42:14Z	34.1701412201	-118.2293915749	1302914
2	2010-09-07T02:40:59Z	34.1675683167	-118.1838661667	1030526
2	2010-09-07T02:39:15Z	34.16979425	-118.22882265	786650
2	2010-09-07T02:36:38Z	34.1686978333	-118.229061	784985
2	2010-09-07T02:34:23Z	34.1684978667	-118.2289840167	243148
2	2010-09-07T02:33:06Z	34.1684936333	-118.2289457667	452360
2	2010-09-07T02:15:05Z	34.167412731	-118.184611561	1402947
2	2010-09-07T02:13:53Z	34.1684625667	-118.2281623333	533331
2	2010-09-07T02:12:53Z	34.1680422513	-118.1852561039	33102
2	2010-09-07T02:12:02Z	34.1674591	-118.2282848667	106191
2	2010-09-07T02:08:06Z	34.1519802667	-118.2094243	964429
2	2010-09-07T02:07:18Z	34.160539773	-118.1961536407	683209
2	2010-09-07T02:06:17Z	34.171179583	-118.20364885	1527233
2	2010-09-07T02:04:41Z	34.1615512	-118.211405617	1204325
2	2010-09-06T21:15:58Z	34.15113943	-118.33085101	495641
2	2010-09-06T21:15:01Z	34.15231515	-118.3496589	166655
2	2010-09-06T21:13:58Z	34.150343783	-118.3780529	1278235
2	2010-09-06T21:13:35Z	34.1542088985	-118.3770149946	1537035
2	2010-09-06T21:13:12Z	34.1505777333	-118.3793238167	298450
2	2010-09-06T21:11:12Z	34.158133865	-118.4243130684	123250
2	2010-09-06T21:09:56Z	34.1546874921	-118.4495125042	342440
2	2010-09-06T21:09:09Z	34.1611497333	-118.4696725333	434958
2	2010-09-06T21:08:25Z	34.1613936	-118.4674561167	324294
2	2010-09-06T21:07:26Z	34.1711924166	-118.4962069988	865143
2	2010-09-06T21:06:06Z	34.1717909333	-118.5178619333	176417
2	2010-09-06T21:05:29Z	34.1708089997	-118.5311989923	409612
2	2010-09-06T21:04:19Z	34.1725727333	-118.54685125	165714
2	2010-09-06T21:03:53Z	34.1726018167	-118.5578291667	547354
2	2010-09-06T21:03:11Z	34.1704158333	-118.57022975	624720
2	2010-09-06T21:02:24Z	34.1679166333	-118.5850616833	486949
2	2010-09-06T21:01:39Z	34.16971055	-118.6031736333	468635
2	2010-09-06T21:01:00Z	34.1696459333	-118.6081627667	323652
2	2010-09-06T21:00:13Z	34.1645787167	-118.6265660333	68135
2	2010-09-06T20:59:13Z	34.15696036	-118.64239442	1338309
2	2010-09-06T20:58:53Z	34.1564404964	-118.6516356468	1537216
2	2010-09-06T20:58:27Z	34.1532267	-118.6499844833	285233
2	2010-09-06T20:57:31Z	34.1493800833	-118.6609778	702425
2	2010-09-06T20:56:59Z	34.150209717	-118.677912667	1213401
2	2010-09-06T20:56:12Z	34.1448343135	-118.7005085875	249879
2	2010-09-06T20:55:50Z	34.1439507667	-118.7001877167	339249
2	2010-09-06T20:55:01Z	34.1408488667	-118.70588235	98346
2	2010-09-06T20:54:41Z	34.139183	-118.71029835	2430467
2	2010-09-06T20:54:03Z	34.1424313667	-118.7407262667	979667
2	2010-09-06T20:53:31Z	34.1414981333	-118.7436126	1208752
2	2010-09-06T20:53:04Z	34.1435444355	-118.751295805	1144132
2	2010-09-06T20:52:42Z	34.1447288	-118.7625707	794741
2	2010-09-06T20:52:19Z	34.1447820333	-118.76284885	382435
2	2010-09-06T20:51:35Z	34.14788345	-118.7825409667	761043
2	2010-09-06T20:50:41Z	34.1499048918	-118.8016773055	372987
